2,2
9947047936.000000,14200596480.000000,
10519836672.000000,16034406400.000000,

9,9
31011368960.000000,35692490752.000000,40653840384.000000,37119512576.000000,42842955776.000000,39459049472.000000,30211184640.000000,46541451264.000000,34304520192.000000,
24080248832.000000,30950047744.000000,23444666368.000000,29827063808.000000,20632508416.000000,35857952768.000000,18558586880.000000,31712135168.000000,24437891072.000000,
29950961664.000000,32449599488.000000,29768992768.000000,34601570304.000000,27019243520.000000,30997729280.000000,26253744128.000000,33139957760.000000,28919156736.000000,
38604587008.000000,31099654144.000000,38702022656.000000,33331275776.000000,30242897920.000000,31965812736.000000,30244591616.000000,41378185216.000000,31494414336.000000,
44799877120.000000,38475112448.000000,42816954368.000000,36034109440.000000,36939620352.000000,42481991680.000000,28141512704.000000,45637537792.000000,35726962688.000000,
42915659776.000000,34918649856.000000,42301124608.000000,32050763776.000000,27556040704.000000,35897802752.000000,31255103488.000000,45523914752.000000,32956485632.000000,
53905489920.000000,51372486656.000000,48444203008.000000,45643157504.000000,45019131904.000000,57555542016.000000,42863611904.000000,62418927616.000000,38718029824.000000,
32408606720.000000,24765462528.000000,28068843520.000000,31274745856.000000,31515322368.000000,38591107072.000000,36611284992.000000,38617710592.000000,26445129728.000000,
43252613120.000000,36580364288.000000,39397666816.000000,32133015552.000000,33968867328.000000,46037663744.000000,26094057472.000000,44233658368.000000,33150509056.000000,

13,13
13053272064.000000,17264308224.000000,14231947264.000000,21549924352.000000,20602646528.000000,18426671104.000000,27983933440.000000,17800146944.000000,14984326144.000000,15867258880.000000,13513809920.000000,27314761728.000000,20850708480.000000,
21551679488.000000,29717979136.000000,31529457664.000000,36739780608.000000,24824995840.000000,24642748416.000000,34517848064.000000,18314852352.000000,31626696704.000000,19171622912.000000,21670844416.000000,44962775040.000000,35824271360.000000,
11103137792.000000,29437724672.000000,24537024512.000000,34608672768.000000,28905578496.000000,22628911104.000000,28974710784.000000,20331372544.000000,25495617536.000000,18293817344.000000,18105298944.000000,33177546752.000000,36018061312.000000,
11444631552.000000,29182709760.000000,25473568768.000000,36828626944.000000,31608274944.000000,26074755072.000000,31559456768.000000,22693994496.000000,27150686208.000000,19449282560.000000,20362756096.000000,33618741248.000000,38414123008.000000,
21922885632.000000,29027387392.000000,30890086400.000000,41223634944.000000,31064883200.000000,33313703936.000000,40536219648.000000,23580401664.000000,33699391488.000000,23476545536.000000,25174919168.000000,46791921664.000000,41612832768.000000,
19087237120.000000,29328572416.000000,28314603520.000000,38290300928.000000,27857717248.000000,28955279360.000000,34406871040.000000,19615596544.000000,30952876032.000000,21362784256.000000,21222389760.000000,44022525952.000000,39739691008.000000,
13144357888.000000,13759394816.000000,18111475712.000000,24093517824.000000,14696267776.000000,19925401600.000000,24260433920.000000,12059389952.000000,20713619456.000000,15148123136.000000,14688332800.000000,27002935296.000000,23156111360.000000,
11483290624.000000,10625635328.000000,25860509696.000000,25792555008.000000,13306084352.000000,18762616832.000000,20350156800.000000,10735730688.000000,26583037952.000000,8503501824.000000,19985475584.000000,19615827968.000000,22925365248.000000,
11295074304.000000,23282974720.000000,14002197504.000000,23606566912.000000,22663454720.000000,18701611008.000000,21948432384.000000,14983079936.000000,15735467008.000000,14498306048.000000,11100323840.000000,30121586688.000000,27157944320.000000,
21982285824.000000,31768559616.000000,36527190016.000000,40825536512.000000,29926756352.000000,27455227904.000000,37514194944.000000,22361493504.000000,35650433024.000000,18303911936.000000,26508615680.000000,44803424256.000000,39425843200.000000,
17028706304.000000,23240050688.000000,22115696640.000000,27603435520.000000,21892198400.000000,19853541376.000000,30220619776.000000,17520097280.000000,21994553344.000000,16593337344.000000,16714955776.000000,35190620160.000000,26622353408.000000,
12362237952.000000,21909084160.000000,19642533888.000000,30930839552.000000,23306905600.000000,22407108608.000000,34603290624.000000,20494321664.000000,21889820672.000000,23595980800.000000,16289971200.000000,32305752064.000000,28857806848.000000,
20381491200.000000,28676521984.000000,35386839040.000000,44202024960.000000,32688924672.000000,34402844672.000000,40244035584.000000,24715800576.000000,37650931712.000000,21624111104.000000,28797448192.000000,43414687744.000000,43810537472.000000,

10,10
1349713280.000000,411646528.000000,787212032.000000,1570129792.000000,1360383872.000000,565646272.000000,242688016.000000,225536336.000000,285552192.000000,1004669952.000000,
216742176.000000,66103788.000000,126413552.000000,252137520.000000,218455696.000000,90833672.000000,38971780.000000,36217496.000000,45855076.000000,161333792.000000,
10214325248.000000,3115247872.000000,5957443072.000000,11882388480.000000,10295077888.000000,4280683520.000000,1836608128.000000,1706808192.000000,2160994816.000000,7603115520.000000,
5444083712.000000,1660380800.000000,3175228416.000000,6333136384.000000,5487123456.000000,2281540608.000000,978884800.000000,909703360.000000,1151778048.000000,4052347648.000000,
1513644800.000000,461643712.000000,882824128.000000,1760832384.000000,1525611392.000000,634347776.000000,272164064.000000,252929216.000000,320234400.000000,1126693760.000000,
2190831872.000000,668177664.000000,1277789312.000000,2548608256.000000,2208152064.000000,918147520.000000,393927104.000000,366086784.000000,463503520.000000,1630763392.000000,
7982457856.000000,2434554880.000000,4655719936.000000,9286042624.000000,8045565952.000000,3345338624.000000,1435302528.000000,1333864320.000000,1688809472.000000,5941807104.000000,
4001173504.000000,1220310400.000000,2333659904.000000,4654589952.000000,4032806144.000000,1676836864.000000,719439360.000000,668593856.000000,846508608.000000,2978305792.000000,
1289314176.000000,393225504.000000,751984576.000000,1499867136.000000,1299507200.000000,540333888.000000,231827824.000000,215443680.000000,272773856.000000,959711424.000000,
1257739136.000000,383595520.000000,733568704.000000,1463135744.000000,1267682688.000000,527101216.000000,226150416.000000,210167520.000000,266093696.000000,936208320.000000,

2,2
46553718784.000000,72987795456.000000,
42626166784.000000,55360135168.000000,

3,3
3641770240.000000,10076631040.000000,13603737600.000000,
5213024256.000000,7400591360.000000,6338751488.000000,
4201084416.000000,6818571776.000000,6706345472.000000,

12,12
52715401216.000000,52192894976.000000,52535517184.000000,48830021632.000000,58441621504.000000,42117496832.000000,57765728256.000000,63356637184.000000,49134739456.000000,57063325696.000000,48756191232.000000,40332259328.000000,
45321207808.000000,40097759232.000000,38422749184.000000,39433646080.000000,45819101184.000000,37324472320.000000,44905148416.000000,47860469760.000000,40008151040.000000,40785702912.000000,25962479616.000000,25660063744.000000,
36946067456.000000,24840132608.000000,26292148224.000000,30511202304.000000,32327401472.000000,23824912384.000000,32999321600.000000,40864190464.000000,38167556096.000000,37700231168.000000,20251514880.000000,19054381056.000000,
41033486336.000000,38238642176.000000,35057201152.000000,28883798016.000000,39310475264.000000,29118158848.000000,37031755776.000000,38963863552.000000,26642939904.000000,34630082560.000000,26416775168.000000,21679251456.000000,
40371388416.000000,46849445888.000000,37345509376.000000,33524559872.000000,38187048960.000000,34831433728.000000,40017141760.000000,41396465664.000000,25721712640.000000,34594398208.000000,35049545728.000000,27970523136.000000,
26095130624.000000,24870438912.000000,27163602944.000000,20470683648.000000,23465607168.000000,21068552192.000000,29667866624.000000,28106749952.000000,19327205376.000000,24165402624.000000,22040061952.000000,20316993536.000000,
44607954944.000000,35748225024.000000,38555996160.000000,36228235264.000000,39747776512.000000,39750848512.000000,38148489216.000000,47291494400.000000,34597650432.000000,42227163136.000000,34112821248.000000,27325435904.000000,
37486714880.000000,35235483648.000000,38006439936.000000,38749343744.000000,41958371328.000000,33388892160.000000,42744320000.000000,43965231104.000000,34470203392.000000,40363245568.000000,35809034240.000000,22590584832.000000,
32189155328.000000,33737441280.000000,35374579712.000000,34262962176.000000,41640124416.000000,27021348864.000000,39793262592.000000,42966556672.000000,38141345792.000000,35849916416.000000,28117565440.000000,26455818240.000000,
40427909120.000000,29565016064.000000,34258034688.000000,28806172672.000000,39233441792.000000,27605155840.000000,38509010944.000000,48216027136.000000,33074331648.000000,41328095232.000000,33635106816.000000,25685399552.000000,
39633723392.000000,39354482688.000000,31582146560.000000,37558198272.000000,43050450944.000000,20028639232.000000,45946417152.000000,45332496384.000000,38072541184.000000,47115530240.000000,36797693952.000000,23999766528.000000,
33974648832.000000,32188008448.000000,27311591424.000000,36370284544.000000,41004654592.000000,23926466560.000000,43874656256.000000,46024736768.000000,37767942144.000000,37071933440.000000,29616402432.000000,19757033472.000000,

12,12
26724337664.000000,45264158720.000000,39126335488.000000,26857824256.000000,31865528320.000000,27215505408.000000,21554798592.000000,41027633152.000000,22576992256.000000,41512570880.000000,43658813440.000000,42525163520.000000,
37484683264.000000,45327933440.000000,38355763200.000000,32959178752.000000,35610996736.000000,31232417792.000000,28827006976.000000,47539089408.000000,26790789120.000000,39896182784.000000,45374607360.000000,49125392384.000000,
34697277440.000000,38570385408.000000,24100413440.000000,24139978752.000000,21622775808.000000,24027836416.000000,23179468800.000000,37187600384.000000,19879698432.000000,30711083008.000000,31796785152.000000,34456305664.000000,
19978342400.000000,26263932928.000000,37132226560.000000,30463823872.000000,31200980992.000000,30487150592.000000,23239360512.000000,39277703168.000000,26982469632.000000,30828701696.000000,32362762240.000000,41250230272.000000,
39733485568.000000,43173064704.000000,39573467136.000000,34374172672.000000,30889824256.000000,33027080192.000000,29084946432.000000,52372729856.000000,29628903424.000000,40875225088.000000,49881731072.000000,46761979904.000000,
25934219264.000000,35741425664.000000,31871856640.000000,26194141184.000000,28897060864.000000,30908571648.000000,22040854528.000000,39705796608.000000,23627872256.000000,30943186944.000000,29608798208.000000,41755377664.000000,
32654077952.000000,47173156864.000000,37911986176.000000,26873448448.000000,35065802752.000000,36333772800.000000,23142764544.000000,47428493312.000000,27575668736.000000,42043940864.000000,45348089856.000000,45234814976.000000,
31101952000.000000,39690240000.000000,43424079872.000000,29305321472.000000,41350483968.000000,33364350976.000000,30013345792.000000,45560262656.000000,33239441408.000000,45034246144.000000,42156167168.000000,55693631488.000000,
21828495360.000000,30721835008.000000,28563968000.000000,26876055552.000000,32723578880.000000,13334413312.000000,24645427200.000000,23093090304.000000,15778036736.000000,29731735552.000000,27404681216.000000,37010292736.000000,
29102325760.000000,35392835584.000000,27725115392.000000,22539368448.000000,22915106816.000000,27757156352.000000,21814120448.000000,38251581440.000000,23203856384.000000,31791302656.000000,29044869120.000000,37571067904.000000,
27399565312.000000,43670003712.000000,38702317568.000000,28104972288.000000,35604131840.000000,25523060736.000000,22869362688.000000,39685787648.000000,21255936000.000000,38332817408.000000,42762186752.000000,45782552576.000000,
17032676352.000000,20954802176.000000,19779328000.000000,18428409856.000000,14267769856.000000,16830934016.000000,15002972160.000000,24588476416.000000,14761545728.000000,20061493248.000000,19414364160.000000,22936555520.000000,

8,8
21179121664.000000,19161102336.000000,36507443200.000000,26323052544.000000,17910355968.000000,15173535744.000000,29934968832.000000,6379090944.000000,
10825174016.000000,12854998016.000000,18888425472.000000,13547619328.000000,6256389120.000000,5070943744.000000,16276164608.000000,3187492864.000000,
7711301632.000000,6672328192.000000,11603336192.000000,9542577152.000000,7093623808.000000,4861107712.000000,9354379264.000000,1686374144.000000,
13249622016.000000,15748589568.000000,20851507200.000000,17617016832.000000,10826246144.000000,9986406400.000000,19754883072.000000,3224206336.000000,
12587927552.000000,9448850432.000000,20995325952.000000,16331446272.000000,14535695360.000000,13953503232.000000,17950244864.000000,3761723392.000000,
15169816576.000000,13247589376.000000,21480984576.000000,18627956736.000000,13755240448.000000,8128871936.000000,17060755456.000000,2769022720.000000,
8185899008.000000,9652623360.000000,13770510336.000000,10746971136.000000,6214824960.000000,6022803456.000000,12703113216.000000,2310888448.000000,
18942144512.000000,12698064896.000000,26122055680.000000,22648928256.000000,19625662464.000000,11010392064.000000,18907615232.000000,3299766784.000000,

6,6
25049268224.000000,31578617856.000000,45075443712.000000,32844382208.000000,34785144832.000000,30859464704.000000,
20260261888.000000,21544812544.000000,35054784512.000000,28377511936.000000,27311804416.000000,18592385024.000000,
21388394496.000000,27709687808.000000,31834464256.000000,21600573440.000000,22694690816.000000,21703563264.000000,
18725113856.000000,26044006400.000000,35580141568.000000,20200019968.000000,27671281664.000000,25206343680.000000,
23428155392.000000,23819218944.000000,35154919424.000000,22215217152.000000,27596326912.000000,14594846720.000000,
17833863168.000000,28363603968.000000,37675216896.000000,16512987136.000000,26580754432.000000,23864139776.000000,

4,4
9143119872.000000,8506474496.000000,10628898816.000000,6574131712.000000,
3785876480.000000,3522261760.000000,4401090560.000000,2722139904.000000,
11779323904.000000,10959116288.000000,13693492224.000000,8469628416.000000,
7692706304.000000,7157054464.000000,8942789632.000000,5531248128.000000,

12,12
14536907776.000000,11913768960.000000,23937206272.000000,10240302080.000000,23658764288.000000,15924773888.000000,12411642880.000000,17720627200.000000,27511040000.000000,16651030528.000000,26104256512.000000,11341343744.000000,
24365500416.000000,17313048576.000000,33037168640.000000,14523842560.000000,33004435456.000000,23718109184.000000,24464343040.000000,26294362112.000000,37580791808.000000,27847354368.000000,30027014144.000000,15712498688.000000,
34788876288.000000,13008215040.000000,33924812800.000000,19277199360.000000,36187009024.000000,19584688128.000000,30844729344.000000,31853101056.000000,35607396352.000000,33619912704.000000,32148662272.000000,23815141376.000000,
18718767104.000000,12439227392.000000,20888117248.000000,11055072256.000000,24200947712.000000,15319937024.000000,20038963200.000000,18383190016.000000,26164748288.000000,18652352512.000000,22102581248.000000,10974647296.000000,
20724795392.000000,5095932928.000000,19582234624.000000,14255341568.000000,18329696256.000000,8969508864.000000,16643043328.000000,14366867456.000000,18044309504.000000,16497230848.000000,16622178304.000000,18955415552.000000,
15572798464.000000,11529543680.000000,19584978944.000000,13272373248.000000,17681866752.000000,15691429888.000000,13869572096.000000,13299323904.000000,23371270144.000000,14391522304.000000,20474238976.000000,11038910464.000000,
22343948288.000000,17977081856.000000,29213188096.000000,12624723968.000000,31922216960.000000,22864848896.000000,24580712448.000000,25055422464.000000,36221714432.000000,25675069440.000000,29006501888.000000,11746674688.000000,
24105342976.000000,15598186496.000000,28702099456.000000,15389153280.000000,26704314368.000000,23022929920.000000,21115033600.000000,25377519616.000000,32738211840.000000,27158065152.000000,27863461888.000000,12679481344.000000,
11855738880.000000,14333864960.000000,22844659712.000000,10043969536.000000,23991666688.000000,16742758400.000000,13196324864.000000,14077985792.000000,29155153920.000000,12771362816.000000,25888563200.000000,10032906240.000000,
20310517760.000000,13727303680.000000,29122748416.000000,11200234496.000000,26028314624.000000,20818395136.000000,20337649664.000000,22163912704.000000,30253178880.000000,25572433920.000000,20604915712.000000,13461626880.000000,
13024459776.000000,11503974400.000000,22756212736.000000,9969997824.000000,17172789248.000000,18160152576.000000,9803894784.000000,15987469312.000000,24084523008.000000,17677119488.000000,19542812672.000000,8494672896.000000,
23035764736.000000,10987304960.000000,27612741632.000000,16309178368.000000,25638785024.000000,15823597568.000000,22678581248.000000,16678895616.000000,27852603392.000000,20312788992.000000,20254660608.000000,21731897344.000000,

1,1
36523003904.000000,

2,2
46872006656.000000,46307557376.000000,
40104673280.000000,47721656320.000000,

13,13
27275739136.000000,35319955456.000000,29007577088.000000,19216502784.000000,23790714880.000000,28494336000.000000,16111218688.000000,20881268736.000000,27611232256.000000,31998535680.000000,29924499456.000000,35717500928.000000,21585352704.000000,
19432581120.000000,27680854016.000000,24345468928.000000,19867439104.000000,27580674048.000000,28217677824.000000,15842438144.000000,14904808448.000000,26746621952.000000,26081112064.000000,21608589312.000000,26455678976.000000,26326726656.000000,
33039081472.000000,50762473472.000000,41827762176.000000,30250430464.000000,37510193152.000000,40185159680.000000,26617929728.000000,24076349440.000000,34555301888.000000,41061027840.000000,39596666880.000000,48818868224.000000,30139930624.000000,
20847960064.000000,30313062400.000000,25241980928.000000,17107295232.000000,26452047872.000000,29601120256.000000,14445932544.000000,18192746496.000000,24614658048.000000,29684637696.000000,23981625344.000000,31387322368.000000,22706677760.000000,
36287754240.000000,50705457152.000000,42693595136.000000,35020341248.000000,43897380864.000000,47090675712.000000,27395958784.000000,28031066112.000000,46465265664.000000,44963049472.000000,35823505408.000000,45493600256.000000,36312936448.000000,
32148424704.000000,41751318528.000000,30702682112.000000,21356828672.000000,26962487296.000000,31892443136.000000,16561092608.000000,24074639360.000000,28400029696.000000,38639517696.000000,33789876224.000000,41833549824.000000,24313866240.000000,
28827703296.000000,43147358208.000000,37109403648.000000,32758016000.000000,37713166336.000000,36794753024.000000,25999210496.000000,18901458944.000000,37330870272.000000,34396872704.000000,30143524864.000000,36829229056.000000,31821127680.000000,
28205957120.000000,48022851584.000000,36717846528.000000,33149736960.000000,43067146240.000000,45232443392.000000,29055662080.000000,21825003520.000000,35609255936.000000,34407153664.000000,32947376128.000000,39781310464.000000,34352969728.000000,
20562690048.000000,32014061568.000000,22280761344.000000,22990579712.000000,31637950464.000000,32202870784.000000,17548828672.000000,15644867584.000000,25734828032.000000,26648074240.000000,20807030784.000000,26203193344.000000,28131420160.000000,
27528337408.000000,40902262784.000000,33587953664.000000,28671543296.000000,37170225152.000000,40462413824.000000,23259598848.000000,22690781184.000000,37337325568.000000,34340937728.000000,27292407808.000000,34973777920.000000,29008044032.000000,
25598836736.000000,43712483328.000000,29682874368.000000,22652504064.000000,34685943808.000000,40379322368.000000,21746628608.000000,22659016704.000000,24592384000.000000,33403883520.000000,32920645632.000000,40625922048.000000,27358756864.000000,
22533234688.000000,33155950592.000000,25555554304.000000,17403451392.000000,27759562752.000000,29425197056.000000,13254867968.000000,18538930176.000000,22488426496.000000,34449481728.000000,25189611520.000000,35390066688.000000,23625224192.000000,
18928410624.000000,25935568896.000000,24400713728.000000,18556444672.000000,27618080768.000000,28921970688.000000,14487999488.000000,16044316672.000000,28351086592.000000,27291199488.000000,20164089856.000000,26102362112.000000,25769838592.000000,

9,9
15056646144.000000,13692493824.000000,17307142144.000000,17973983232.000000,18271412224.000000,8339760128.000000,15422159872.000000,16779063296.000000,12464870400.000000,
16191322112.000000,12536439808.000000,7400580096.000000,11640176640.000000,7632846336.000000,4066699264.000000,10327437312.000000,8904025088.000000,9982532608.000000,
5129591296.000000,5015229440.000000,7751596032.000000,6493383680.000000,8011670528.000000,3432607744.000000,5498001920.000000,7047801856.000000,5202254848.000000,
11570395136.000000,9503875072.000000,8155085824.000000,9190338560.000000,8282492416.000000,3893032448.000000,8020608512.000000,8480346112.000000,8480384512.000000,
22503090176.000000,19056574464.000000,19125972992.000000,15127033856.000000,18494185472.000000,7784669696.000000,13047745536.000000,18154625024.000000,19641493504.000000,
13849640960.000000,13343268864.000000,19986395136.000000,15831707648.000000,20385533952.000000,8599144448.000000,13394023424.000000,18048874496.000000,14212812800.000000,
15419523072.000000,13377408000.000000,14544914432.000000,14328651776.000000,14880185344.000000,6688400384.000000,12354460672.000000,14210617344.000000,12613905408.000000,
22054438912.000000,19208304640.000000,21380540416.000000,17963341824.000000,21247709184.000000,9105893376.000000,15425538048.000000,20208492544.000000,19480446976.000000,
12881707008.000000,10668427264.000000,9387303936.000000,12552824832.000000,10022556672.000000,4982718976.000000,10952014848.000000,10115890176.000000,8625208320.000000,

1,1
19608068096.000000,

5,5
29035948032.000000,37022474240.000000,28628252672.000000,14768424960.000000,33082656768.000000,
13506955264.000000,22545123328.000000,15192285184.000000,12688855040.000000,13921536000.000000,
9558237184.000000,19859535872.000000,16183808000.000000,12656781312.000000,14558767104.000000,
13759477760.000000,26395103232.000000,21332041728.000000,13320706048.000000,22492968960.000000,
37040144384.000000,43305897984.000000,27552389120.000000,22002356224.000000,36309762048.000000,

2,2
29229635584.000000,17199181824.000000,
35622666240.000000,20653383680.000000,

9,9
9634195456.000000,17931575296.000000,19930073088.000000,12087159808.000000,22329071616.000000,20950749184.000000,32886382592.000000,19392258048.000000,24907464704.000000,
7631187456.000000,14951194624.000000,15651313664.000000,9237007360.000000,16923111424.000000,15872458752.000000,26794754048.000000,19277979648.000000,18317092864.000000,
5569745408.000000,12333160448.000000,9038553088.000000,15058985984.000000,17257406464.000000,18399608832.000000,24523325440.000000,16279615488.000000,21581930496.000000,
6345750016.000000,12035002368.000000,10318172160.000000,15247091712.000000,17013518336.000000,21178380288.000000,21759086592.000000,10081656832.000000,21874864128.000000,
10732346368.000000,15531454464.000000,19565678592.000000,17575532544.000000,27753926656.000000,23920072704.000000,36312309760.000000,16930935808.000000,31210412032.000000,
14459678720.000000,20860485632.000000,23853580288.000000,25317208064.000000,33787172864.000000,34002475008.000000,45365645312.000000,26003320832.000000,37891125248.000000,
4422515200.000000,10162322432.000000,7197209600.000000,11734693888.000000,13025427456.000000,14928476160.000000,18858659840.000000,13054561280.000000,16452508672.000000,
5908960768.000000,12733394944.000000,10034839552.000000,12193362944.000000,14893279232.000000,15853656064.000000,23733850112.000000,19963693056.000000,17233723392.000000,
10154841088.000000,7884497920.000000,15380882432.000000,17383993344.000000,25580263424.000000,18908481536.000000,30264117248.000000,12022684672.000000,26825437184.000000,

2,2
10965382144.000000,9092009984.000000,
7125537280.000000,2134977536.000000,

13,13
57729708032.000000,41569718272.000000,60043890688.000000,64941248512.000000,54732115968.000000,38127468544.000000,24883470336.000000,60408619008.000000,69449203712.000000,56255848448.000000,34831900672.000000,58451623936.000000,49094553600.000000,
72836374528.000000,49969737728.000000,66344632320.000000,71029850112.000000,58482483200.000000,45362040832.000000,31335153664.000000,60186054656.000000,76913565696.000000,61949657088.000000,46829875200.000000,77098647552.000000,47843553280.000000,
51034685440.000000,39797321728.000000,40041984000.000000,62771838976.000000,41417252864.000000,33395302400.000000,23460956160.000000,40378978304.000000,57530523648.000000,48058548224.000000,30595508224.000000,58617569280.000000,35123961856.000000,
55575547904.000000,43859943424.000000,46035595264.000000,60370894848.000000,46992461824.000000,35072749568.000000,30670651392.000000,43014905856.000000,57684353024.000000,51535691776.000000,49987493888.000000,58187886592.000000,36045488128.000000,
55549476864.000000,44230844416.000000,52061437952.000000,57257627648.000000,53942231040.000000,44936888320.000000,17173916672.000000,55127511040.000000,67329069056.000000,55250202624.000000,28785784832.000000,62923288576.000000,48369852416.000000,
56038064128.000000,41518907392.000000,58302517248.000000,67458609152.000000,53776633856.000000,35392790528.000000,29307502592.000000,55390171136.000000,69263564800.000000,53339557888.000000,41382666240.000000,66653147136.000000,42074144768.000000,
59243683840.000000,36768714752.000000,52793290752.000000,63646765056.000000,51280228352.000000,32076685312.000000,28640884736.000000,47596666880.000000,70361513984.000000,61917003776.000000,38972534784.000000,59347718144.000000,48571752448.000000,
59215659008.000000,52089024512.000000,57411338240.000000,63499010048.000000,47626637312.000000,42418233344.000000,29254477824.000000,52475969536.000000,63382831104.000000,52007407616.000000,38482378752.000000,70183010304.000000,47737982976.000000,
67998089216.000000,50318401536.000000,64116781056.000000,74563371008.000000,59126857728.000000,37109006336.000000,38038204416.000000,65232654336.000000,71689240576.000000,54838181888.000000,51002630144.000000,62971195392.000000,44983488512.000000,
48397172736.000000,41178124288.000000,56823635968.000000,59548577792.000000,51565789184.000000,34677968896.000000,29762699264.000000,55539798016.000000,65849647104.000000,50373328896.000000,38244564992.000000,62438809600.000000,46508703744.000000,
54604480512.000000,42958733312.000000,47119859712.000000,61558853632.000000,49860096000.000000,36169916416.000000,34680885248.000000,44702834688.000000,61135347712.000000,58205622272.000000,44527964160.000000,61943910400.000000,48517431296.000000,
58168016896.000000,41388191744.000000,49657360384.000000,60534091776.000000,52178817024.000000,42130132992.000000,25180065792.000000,47613317120.000000,66107162624.000000,61976481792.000000,32820869120.000000,66064797696.000000,52567400448.000000,
34597134336.000000,32077762560.000000,38250582016.000000,47072780288.000000,38094471168.000000,23551057920.000000,28458733568.000000,38817128448.000000,44990128128.000000,38571098112.000000,33548460032.000000,41252990976.000000,37040545792.000000,

3,3
3706838016.000000,4381953536.000000,1001411648.000000,
4303240704.000000,5086977024.000000,1162531328.000000,
5495528448.000000,6496413184.000000,1484630912.000000,

2,2
28209926144.000000,19914807296.000000,
18042613760.000000,9889771520.000000,

3,3
54184218624.000000,44767911936.000000,24240154624.000000,
62152290304.000000,47126401024.000000,37895897088.000000,
14827171840.000000,9764378624.000000,13076539392.000000,

13,13
28709808128.000000,17067233280.000000,29887262720.000000,15218217984.000000,12880875520.000000,17077420032.000000,17872279552.000000,16583696384.000000,15237798912.000000,14696847360.000000,19357052928.000000,26478893056.000000,24348164096.000000,
14343157760.000000,15511577600.000000,16816821248.000000,11623053312.000000,7687910912.000000,11117031424.000000,6351517184.000000,15495097344.000000,8441576448.000000,7752390656.000000,12726878208.000000,18198927360.000000,11706701824.000000,
26676832256.000000,17551859712.000000,30308575232.000000,20429670400.000000,16608547840.000000,14078906368.000000,16553324544.000000,15929937920.000000,20917207040.000000,15981730816.000000,21744115712.000000,26368894976.000000,21976924160.000000,
33487302656.000000,24088109056.000000,35093659648.000000,19389945856.000000,17505882112.000000,20056576000.000000,18309312512.000000,21669498880.000000,18480037888.000000,14706238464.000000,25797681152.000000,30555011072.000000,29738645504.000000,
29859776512.000000,18931894272.000000,29328797696.000000,21827629056.000000,14617099264.000000,16226082816.000000,19262738432.000000,13854086144.000000,22530904064.000000,14976677888.000000,21858256896.000000,29705248768.000000,26972246016.000000,
15017187328.000000,13296483328.000000,17093634048.000000,11517542400.000000,9401458688.000000,9362004992.000000,7470087680.000000,12168952832.000000,10237718528.000000,7507945472.000000,13405479936.000000,15761970176.000000,12896946176.000000,
23065485312.000000,17533192192.000000,26250543104.000000,13606300672.000000,9041965056.000000,16981478400.000000,13551754240.000000,20213377024.000000,10649759744.000000,14433382400.000000,15549789184.000000,26622042112.000000,17472921600.000000,
11383639040.000000,8658086912.000000,13462469632.000000,8269457920.000000,5650464768.000000,7686572032.000000,6865485312.000000,9538187264.000000,7171565568.000000,7707744768.000000,8514945024.000000,13321294848.000000,8523279872.000000,
25744031744.000000,23969134592.000000,28721827840.000000,15418444800.000000,16900283392.000000,16198198272.000000,10369908736.000000,21834235904.000000,13080084480.000000,8841448448.000000,23915442176.000000,22659956736.000000,23586097152.000000,
28773386240.000000,16737599488.000000,28653019136.000000,15852877824.000000,6995440640.000000,20176168960.000000,20178427904.000000,17957052416.000000,14056679424.000000,17806090240.000000,15145393152.000000,32866285568.000000,22909616128.000000,
25086941184.000000,19764289536.000000,26599206912.000000,18380556288.000000,11656359936.000000,16476710912.000000,14630575104.000000,18134441984.000000,16316559360.000000,13677388800.000000,18882752512.000000,28273360896.000000,21255692288.000000,
23858212864.000000,27239671808.000000,30497992704.000000,21633630208.000000,23752892416.000000,12879840256.000000,7110351872.000000,23291461632.000000,19414757376.000000,8788049920.000000,29385998336.000000,21454831616.000000,21907619840.000000,
28205391872.000000,18871240704.000000,27604498432.000000,14660446208.000000,14692272128.000000,15674245120.000000,15352912896.000000,14857598976.000000,15108777984.000000,9844482048.000000,21474879488.000000,22640615424.000000,26707994624.000000,

3,3
26387695616.000000,39910543360.000000,35521724416.000000,
18674374656.000000,18000879616.000000,16132270080.000000,
22319327232.000000,41392074752.000000,43710517248.000000,

5,5
11150711808.000000,17420943360.000000,14493009920.000000,6249202688.000000,17713907712.000000,
30680547328.000000,25598853120.000000,28976185344.000000,16184845312.000000,27073824768.000000,
23851544576.000000,18988105728.000000,21841170432.000000,17017712640.000000,25547923456.000000,
20119257088.000000,21071568896.000000,19812210688.000000,14936419328.000000,23459721216.000000,
22957711360.000000,19265656832.000000,19962447872.000000,16282472448.000000,23876636672.000000,

11,11
23176835072.000000,19206864896.000000,18555486208.000000,15407944704.000000,12870235136.000000,12350702592.000000,11642580992.000000,9212950528.000000,19511255040.000000,19320205312.000000,16576483328.000000,
33075521536.000000,21516050432.000000,21621960704.000000,22114590720.000000,18506422272.000000,16948163584.000000,14257141760.000000,16611756032.000000,23390076928.000000,27143899136.000000,19478657024.000000,
40373006336.000000,37583364096.000000,32490934272.000000,31354327040.000000,21975912448.000000,20288591872.000000,20626825216.000000,13944794112.000000,38137880576.000000,31151132672.000000,29214326784.000000,
24326301696.000000,16915349504.000000,15434417152.000000,17369575424.000000,13339816960.000000,10954510336.000000,11059875840.000000,10648017920.000000,18301949952.000000,18960474112.000000,16110694400.000000,
40684691456.000000,31823814656.000000,30160465920.000000,25312550912.000000,21365981184.000000,24034195456.000000,22382860288.000000,17179004928.000000,33612713984.000000,31664160768.000000,29622171648.000000,
23421616128.000000,19143827456.000000,21416964096.000000,13206708224.000000,14207627264.000000,10650411008.000000,10922831872.000000,8383763456.000000,18020519936.000000,23234519040.000000,18650765312.000000,
23351537664.000000,20112244736.000000,22143404032.000000,14532454400.000000,13738351616.000000,16497503232.000000,10534414336.000000,11973392384.000000,19772260352.000000,21838368768.000000,12421222400.000000,
27842983936.000000,16015843328.000000,20292468736.000000,13501744128.000000,15785119744.000000,18568712192.000000,12654411776.000000,16488557568.000000,17329008640.000000,25363118080.000000,15456005120.000000,
20742676480.000000,16479891456.000000,16280516608.000000,12895592448.000000,11405211648.000000,11220713472.000000,10755522560.000000,8350616576.000000,16861513728.000000,17334659072.000000,15350368256.000000,
34922905600.000000,27974170624.000000,25881743360.000000,20518240256.000000,17761783808.000000,20260311040.000000,21091049472.000000,13037793280.000000,29492881408.000000,26434492416.000000,28877914112.000000,
47506845696.000000,34924544000.000000,36021424128.000000,29953814528.000000,26901696512.000000,25105801216.000000,22118952960.000000,21410785280.000000,36009394176.000000,40980942848.000000,31560353792.000000,

8,8
27407933440.000000,56000954368.000000,43315113984.000000,31363182592.000000,35320438784.000000,33339983872.000000,38532657152.000000,51587018752.000000,
29091934208.000000,58399301632.000000,48571482112.000000,30733785088.000000,32292878336.000000,24570839040.000000,47566479360.000000,43456905216.000000,
21873823744.000000,48464830464.000000,34648862720.000000,27087290368.000000,29970767872.000000,27538485248.000000,28557594624.000000,30799575040.000000,
19976243200.000000,45318569984.000000,39985266688.000000,29199900672.000000,27183140864.000000,22555725824.000000,33425414144.000000,33951315968.000000,
38250909696.000000,74115588096.000000,57338019840.000000,33700761600.000000,41192542208.000000,31156369408.000000,56034283520.000000,54255390720.000000,
18230038528.000000,37309562880.000000,24108263424.000000,20995078144.000000,26614257664.000000,20438646784.000000,20942159872.000000,23459895296.000000,
38660354048.000000,71029874688.000000,60201607168.000000,41159729152.000000,36979716096.000000,34032605184.000000,53439197184.000000,52504502272.000000,
32488488960.000000,68304076800.000000,50249158656.000000,34000766976.000000,47490146304.000000,33195171840.000000,51265470464.000000,58098835456.000000,

13,13
23425253376.000000,23720607744.000000,29147729920.000000,15596938240.000000,27782746112.000000,9862028288.000000,20173885440.000000,20913260544.000000,15665465344.000000,13101436928.000000,18499819520.000000,18678460416.000000,21838106624.000000,
30271463424.000000,28949620736.000000,39893102592.000000,25012076544.000000,28688318464.000000,17874608128.000000,20330739712.000000,30461222912.000000,19201343488.000000,12787081216.000000,15184922624.000000,21918691328.000000,25202270208.000000,
26890803200.000000,32461148160.000000,40584028160.000000,29482151936.000000,32385984512.000000,15489664000.000000,16145597440.000000,28423380992.000000,19796924416.000000,14909453312.000000,14063526912.000000,21490520064.000000,20349190144.000000,
26210732032.000000,27301122048.000000,35815514112.000000,25134594048.000000,31117516800.000000,15557097472.000000,19408621568.000000,32426729472.000000,18169888768.000000,12230591488.000000,16232721408.000000,18825496576.000000,26758242304.000000,
31919575040.000000,33773387776.000000,44918353920.000000,27340007424.000000,36484415488.000000,16449105920.000000,23134681088.000000,29773643776.000000,22790701056.000000,17149100032.000000,20080148480.000000,25434017792.000000,28977119232.000000,
19703566336.000000,17416067072.000000,28061790208.000000,16221752320.000000,22169624576.000000,7955776000.000000,13574758400.000000,13711500288.000000,16421538816.000000,9309156352.000000,10503585792.000000,14143675392.000000,18586566656.000000,
33810860032.000000,39078973440.000000,46346756096.000000,28863930368.000000,45188214784.000000,16191881216.000000,28211970048.000000,36091748352.000000,24045529088.000000,20781367296.000000,27427723264.000000,28067463168.000000,33800445952.000000,
29375416320.000000,29791854592.000000,39726305280.000000,28168159232.000000,39178141696.000000,12047851520.000000,23023960064.000000,29379323904.000000,23737350144.000000,15087133696.000000,19574468608.000000,20772601856.000000,28046856192.000000,
40133685248.000000,40496123904.000000,52447203328.000000,34465759232.000000,43628875776.000000,17612498944.000000,28630931456.000000,32376324096.000000,28401661952.000000,20223723520.000000,22599892992.000000,30270095360.000000,27543826432.000000,
23210061824.000000,27778471936.000000,33412972544.000000,21029038080.000000,29504802816.000000,13106259968.000000,19683786752.000000,25539098624.000000,15758415872.000000,14818217984.000000,18667491328.000000,20672409600.000000,23829088256.000000,
43618873344.000000,42683432960.000000,54928719872.000000,35015483392.000000,48428105728.000000,20876351488.000000,32971827200.000000,42605826048.000000,29464819712.000000,20596903936.000000,27151441920.000000,31486791680.000000,36714479616.000000,
39084838912.000000,38349496320.000000,52084543488.000000,32524535808.000000,42353225728.000000,18805370880.000000,32613232640.000000,33128128512.000000,27199787008.000000,20693985280.000000,25815664640.000000,31403214848.000000,34388119552.000000,
24333840384.000000,28179595264.000000,30564227072.000000,23177428992.000000,36120748032.000000,9229669376.000000,24334800896.000000,26943926272.000000,17881939968.000000,15653013504.000000,22489819136.000000,19739498496.000000,22982590464.000000,

7,7
35948445696.000000,17467887616.000000,19897643008.000000,20825698304.000000,17283391488.000000,10655508480.000000,17427001344.000000,
18749497344.000000,15652124672.000000,12469469184.000000,7968989184.000000,3947264256.000000,4640151552.000000,8655492096.000000,
26852966400.000000,11922708480.000000,14306376704.000000,18287804416.000000,15027213312.000000,5928516096.000000,17346584576.000000,
30960164864.000000,14187114496.000000,17097537536.000000,19154149376.000000,15551758336.000000,7542146560.000000,16753258496.000000,
23211950080.000000,18732830720.000000,15278346240.000000,9309775872.000000,4957932544.000000,6740474880.000000,9148795904.000000,
20138971136.000000,8590042112.000000,9810375680.000000,16736823296.000000,13973185536.000000,3358396160.000000,18332033024.000000,
36062466048.000000,20770156544.000000,20136474624.000000,24268046336.000000,18164402176.000000,6839910400.000000,26306646016.000000,

9,9
1419636096.000000,21203619840.000000,26084513792.000000,29451870208.000000,17268299776.000000,24953716736.000000,29408217088.000000,22289852416.000000,18458576896.000000,
722484096.000000,11502571520.000000,16250087424.000000,20522162176.000000,7301980672.000000,12635298816.000000,16117070848.000000,11330874368.000000,8754676736.000000,
1061721216.000000,13798899712.000000,15393484800.000000,17934446592.000000,12585590784.000000,15781642240.000000,18824126464.000000,14230929408.000000,12242619392.000000,
1470775424.000000,19464689664.000000,22757699584.000000,27488579584.000000,16732945408.000000,21849108480.000000,26640605184.000000,19722522624.000000,16666292224.000000,
1302107136.000000,15460233216.000000,17094205440.000000,22108524544.000000,14027888640.000000,16530648064.000000,20874346496.000000,15092084736.000000,13039659008.000000,
456192128.000000,10606833664.000000,15835137024.000000,16665008128.000000,6286643200.000000,13413065728.000000,15285343232.000000,11726850048.000000,8906459136.000000,
511437440.000000,5139642880.000000,5257214976.000000,7909663744.000000,4941317120.000000,4909893632.000000,6777357824.000000,4598344192.000000,4104788224.000000,
886534784.000000,10535233536.000000,10277508096.000000,11412164608.000000,10973375488.000000,12209018880.000000,14177451008.000000,11046525952.000000,9932347392.000000,
745365760.000000,8191315968.000000,8669622272.000000,11878568960.000000,7718120448.000000,8404293632.000000,10942300160.000000,7748382720.000000,6812306432.000000,

11,11
42984833024.000000,20455688192.000000,45618118656.000000,44606930944.000000,51831062528.000000,42927190016.000000,44552970240.000000,41130827776.000000,50544275456.000000,23203540992.000000,33751291904.000000,
30954778624.000000,14357638144.000000,30164205568.000000,30922958848.000000,29474164736.000000,28988444672.000000,30318133248.000000,24019386368.000000,40679464960.000000,22361509888.000000,24352978944.000000,
55240978432.000000,32721754112.000000,61833089024.000000,53813788672.000000,46744719360.000000,52600897536.000000,49453445120.000000,43505774592.000000,61590429696.000000,43450068992.000000,42356232192.000000,
34217275392.000000,22264731648.000000,45135339520.000000,42788339712.000000,43767250944.000000,49079918592.000000,42773151744.000000,44062482432.000000,35214561280.000000,29538129920.000000,36334698496.000000,
43965648896.000000,29259749376.000000,55650004992.000000,54734950400.000000,53553758208.000000,54878326784.000000,52611469312.000000,53015375872.000000,46014640128.000000,31520622592.000000,48056389632.000000,
33529294848.000000,19915470848.000000,43619749888.000000,37967908864.000000,29744218112.000000,39942676480.000000,44047970304.000000,34111117312.000000,44854931456.000000,26381643776.000000,33940508672.000000,
40480432128.000000,26388396032.000000,52116357120.000000,48726855680.000000,44857950208.000000,50398724096.000000,38819151872.000000,43492925440.000000,44445085696.000000,34490855424.000000,36232597504.000000,
38039842816.000000,28401534976.000000,47308509184.000000,38422523904.000000,44130275328.000000,43706961920.000000,38632955904.000000,37491085312.000000,35738042368.000000,27344832512.000000,32845854720.000000,
56292343808.000000,36013469696.000000,65683587072.000000,63409598464.000000,55640449024.000000,60460003328.000000,61817733120.000000,50107527168.000000,70939172864.000000,43369234432.000000,51348176896.000000,
35636371456.000000,25884901376.000000,43385647104.000000,45771280384.000000,53084237824.000000,49952985088.000000,49073082368.000000,44758929408.000000,49407414272.000000,31322304512.000000,33370222592.000000,
45541707776.000000,25220921344.000000,51478204416.000000,53510881280.000000,48804298752.000000,52843433984.000000,44295335936.000000,44021579776.000000,51751059456.000000,36503670784.000000,40242659328.000000,

8,8
12789626880.000000,11804971008.000000,12845346816.000000,5854412288.000000,11505272832.000000,8285577216.000000,16419448832.000000,4984449536.000000,
17671325696.000000,19034875904.000000,13263294464.000000,8288952832.000000,18386333696.000000,10447107072.000000,22138392576.000000,5426213888.000000,
10681755648.000000,7647627264.000000,18707001344.000000,5164983296.000000,7604756480.000000,6049550848.000000,16440175616.000000,7153942016.000000,
18102161408.000000,19108843520.000000,10876002304.000000,8123953664.000000,18464866304.000000,12146442240.000000,20992708608.000000,4372343296.000000,
19314915328.000000,18486155264.000000,16489356288.000000,8705355776.000000,17969709056.000000,12979621888.000000,23703623680.000000,6414667776.000000,
12651855872.000000,13916991488.000000,8191888896.000000,5872099328.000000,13424539648.000000,7694972416.000000,15356139520.000000,3385269248.000000,
10538024960.000000,13412147200.000000,6589271552.000000,5303553024.000000,12856177664.000000,4667997184.000000,13877805056.000000,2993434880.000000,
13150845952.000000,12773178368.000000,7984351232.000000,5644561920.000000,12393930752.000000,9908026368.000000,14557122560.000000,3045851392.000000,

13,13
19291424768.000000,14555691008.000000,24311056384.000000,16451296256.000000,18590318592.000000,20387430400.000000,12782367744.000000,18532999168.000000,20279107584.000000,10294855680.000000,9730342912.000000,26373632000.000000,20485371904.000000,
23019741184.000000,24673376256.000000,38299131904.000000,27025829888.000000,26665234432.000000,30223949824.000000,20843352064.000000,35537436672.000000,29854142464.000000,24186923008.000000,18307424256.000000,39043956736.000000,28802058240.000000,
27713933312.000000,22280142848.000000,41809010688.000000,33698945024.000000,31920496640.000000,34359197696.000000,24752730112.000000,32250507264.000000,34855849984.000000,20349773824.000000,24005920768.000000,44188651520.000000,36927143936.000000,
26688616448.000000,20158830592.000000,36319895552.000000,31409647616.000000,26750803968.000000,31159476224.000000,20584065024.000000,31900000256.000000,35975344128.000000,24316282880.000000,23315423232.000000,39053729792.000000,29684645888.000000,
26457620480.000000,29393965056.000000,29975257088.000000,15390578688.000000,20072980480.000000,23191365632.000000,12294487040.000000,29298524160.000000,24274831360.000000,22074918912.000000,11155028992.000000,31180673024.000000,22826455040.000000,
23926943744.000000,26360723456.000000,39851962368.000000,27584899072.000000,25228929024.000000,30491541504.000000,20703524864.000000,34686808064.000000,30857418752.000000,24794423296.000000,21652172800.000000,40378040320.000000,26866309120.000000,
17941692416.000000,19179372544.000000,30943111168.000000,23509514240.000000,21441331200.000000,25753968640.000000,16838490112.000000,34966482944.000000,27785590784.000000,26041120768.000000,14059591680.000000,31618977792.000000,20930363392.000000,
39614308352.000000,36340670464.000000,47482617856.000000,33880334336.000000,33155717120.000000,39172784128.000000,23045228544.000000,44110446592.000000,44772548608.000000,34670678016.000000,25807480832.000000,50594160640.000000,37208973312.000000,
29389760512.000000,25125001216.000000,37930024960.000000,29919131648.000000,30146017280.000000,31997300736.000000,21330647040.000000,33996333056.000000,34477359104.000000,24200511488.000000,20559749120.000000,40531771392.000000,35619135488.000000,
31500926976.000000,32441180160.000000,35470155776.000000,21145178112.000000,24908546048.000000,28222914560.000000,15763329024.000000,33639211008.000000,30587822080.000000,25746581504.000000,15793930240.000000,37385498624.000000,29058199552.000000,
31041228800.000000,29213552640.000000,33968893952.000000,24157405184.000000,21739401216.000000,27948554240.000000,14823620608.000000,33058820096.000000,34937466880.000000,29362728960.000000,21024436224.000000,36356243456.000000,24147243008.000000,
24422795264.000000,21542236160.000000,43012530176.000000,34423652352.000000,28567500800.000000,34571837440.000000,24464625664.000000,35649593344.000000,36203229184.000000,24638812160.000000,25822687232.000000,44467834880.000000,29670871040.000000,
28585861120.000000,31151861760.000000,38182707200.000000,20168454144.000000,21772259328.000000,28053000192.000000,16103611392.000000,29742714880.000000,28013232128.000000,20870993920.000000,17685667840.000000,39165747200.000000,22902118400.000000,

8,8
749714496.000000,2191813376.000000,5058526208.000000,7401039872.000000,2234680320.000000,6014154752.000000,8131837952.000000,6130305536.000000,
336439936.000000,1045070336.000000,2644505856.000000,3562271232.000000,1281688832.000000,3018937344.000000,3627651072.000000,2750228992.000000,
383605472.000000,1751115520.000000,6423317504.000000,6255111168.000000,3999391488.000000,6354992128.000000,3939882240.000000,3128584448.000000,
385587040.000000,1072239744.000000,2266441984.000000,3590695936.000000,899683328.000000,2806646016.000000,4201611520.000000,3153596672.000000,
1468700544.000000,5068338176.000000,14627398656.000000,17535041536.000000,7891061760.000000,15813935104.000000,15658604544.000000,11999383552.000000,
638625856.000000,2868790528.000000,10410520576.000000,10231355392.000000,6447421440.000000,10337898496.000000,6575414272.000000,5209060864.000000,
1055366272.000000,3142161152.000000,7466592256.000000,10640903168.000000,3403223040.000000,8761579520.000000,11427194880.000000,8628844544.000000,
953446144.000000,2523213056.000000,4823846400.000000,8376484864.000000,1643477760.000000,6273022464.000000,10434337792.000000,7799588864.000000,

12,12
13485714432.000000,2671867392.000000,13822478336.000000,6721738240.000000,9458006016.000000,6104740864.000000,4459521024.000000,8910967808.000000,10455472128.000000,15045138432.000000,8375545856.000000,10791860224.000000,
8778831872.000000,1420189184.000000,10121654272.000000,5292557824.000000,5682034688.000000,4242221056.000000,3587768832.000000,6541281792.000000,7196685824.000000,12187983872.000000,6351669248.000000,7778601984.000000,
11643269120.000000,4077050112.000000,11719772160.000000,5433956352.000000,8531918336.000000,3464493056.000000,5876277760.000000,11259072512.000000,9481488384.000000,12881122304.000000,5693265408.000000,6654323200.000000,
16481583104.000000,3194403840.000000,17484689408.000000,8686646272.000000,11324747776.000000,7502537216.000000,5933057024.000000,11490695168.000000,13013739520.000000,19667531776.000000,10632162304.000000,13442971648.000000,
15461125120.000000,4275435264.000000,15859172352.000000,7577712640.000000,11034318848.000000,5753746944.000000,6653664256.000000,12860113920.000000,12367291392.000000,17521903616.000000,8640224256.000000,10589011968.000000,
30757474304.000000,8481997824.000000,25034694656.000000,9971830784.000000,24402337792.000000,11814820864.000000,6902486016.000000,17226977280.000000,21759164416.000000,20595150848.000000,13471311872.000000,19458498560.000000,
8607515648.000000,2082841728.000000,11097943040.000000,6030587392.000000,5240078848.000000,3388500736.000000,5524697600.000000,9407198208.000000,7780923904.000000,14659543040.000000,6348925952.000000,6904939008.000000,
16142286848.000000,3958378496.000000,12505879552.000000,4793572352.000000,12965986304.000000,6740572672.000000,2387842048.000000,7164720128.000000,10991568896.000000,9323247616.000000,7101385728.000000,10779780096.000000,
20007268352.000000,7022893056.000000,14023801856.000000,4543282688.000000,16968037376.000000,6259262464.000000,4201363968.000000,11588052992.000000,13635471360.000000,8755399680.000000,6262918144.000000,9868980224.000000,
19229091840.000000,4681657856.000000,18251063296.000000,8342374400.000000,14176110592.000000,7886637568.000000,6047575040.000000,12737570816.000000,14543201280.000000,18438860800.000000,10409397248.000000,13735559168.000000,
17838407680.000000,2612730624.000000,19267088384.000000,9766726656.000000,11991636992.000000,8969254912.000000,5687782400.000000,11042332672.000000,13973061632.000000,21865320448.000000,12379348992.000000,15880992768.000000,
22808989696.000000,6481273856.000000,18019256320.000000,6945305600.000000,18332710912.000000,8594122752.000000,4831723008.000000,12493856768.000000,15957573632.000000,14117182464.000000,9524109312.000000,14010586112.000000,

4,4
45867700224.000000,36628791296.000000,35685859328.000000,37117800448.000000,
60045914112.000000,57287999488.000000,46319120384.000000,38924673024.000000,
54572724224.000000,41034375168.000000,38586339328.000000,32903669760.000000,
53189984256.000000,35573248000.000000,36810231808.000000,32794050560.000000,

10,10
20594317312.000000,10447398912.000000,9023835136.000000,22697312256.000000,17159319552.000000,17567787008.000000,13472762880.000000,3701339136.000000,11674968064.000000,25504452608.000000,
15932236800.000000,7909608448.000000,6685506560.000000,14261387264.000000,9686571008.000000,12222716928.000000,14390599680.000000,3415331584.000000,11838599168.000000,15610984448.000000,
16482439168.000000,11331282944.000000,10352379904.000000,8258220544.000000,14095787008.000000,15782646784.000000,15466420224.000000,5283865088.000000,10021046272.000000,10049609728.000000,
35607121920.000000,18580037632.000000,18194323456.000000,27055415296.000000,32745852928.000000,33684926464.000000,30251737088.000000,9646484480.000000,24800985088.000000,32026671104.000000,
22869135360.000000,10912236544.000000,10846501888.000000,16654527488.000000,18457006080.000000,20261404672.000000,21588137984.000000,6181633024.000000,18040997888.000000,19393884160.000000,
28140376064.000000,14140792832.000000,15238617088.000000,17449783296.000000,19920521216.000000,22232020992.000000,26660579328.000000,7313317888.000000,18271457280.000000,20539940864.000000,
28725370880.000000,13471819776.000000,14984886272.000000,23067717632.000000,24644597760.000000,24198256640.000000,22544148480.000000,6593899008.000000,16579743744.000000,27294507008.000000,
25151526912.000000,14668275712.000000,12051786752.000000,19740979200.000000,17994012672.000000,21842077696.000000,22999107584.000000,6472428032.000000,18311761920.000000,22023520256.000000,
31594076160.000000,20908075008.000000,20442359808.000000,16188745728.000000,24063393792.000000,26839044096.000000,28400881664.000000,9029051392.000000,15544006656.000000,19534917632.000000,
21028073472.000000,8626317312.000000,10179913728.000000,15501008896.000000,22623379456.000000,21451128832.000000,18435878912.000000,6179028480.000000,17175751680.000000,19201746944.000000,

5,5
6710242816.000000,7337433088.000000,10337628160.000000,8303781888.000000,11894467584.000000,
4638034944.000000,4194848768.000000,6376592384.000000,6263483904.000000,6992137216.000000,
6991059456.000000,6093808640.000000,9410670592.000000,9578161152.000000,10218092544.000000,
9735288832.000000,10059798528.000000,14484661248.000000,12397131776.000000,16435818496.000000,
9394766848.000000,5547069952.000000,10329958400.000000,14450521088.000000,10027187200.000000,

6,6
12003059712.000000,5782710272.000000,8717509632.000000,6025986560.000000,8707637248.000000,10670307328.000000,
30120099840.000000,19657394176.000000,12931983360.000000,17890152448.000000,23276445696.000000,16815908864.000000,
18337617920.000000,13229839360.000000,10580413440.000000,12536383488.000000,13382181888.000000,7688112640.000000,
28116869120.000000,15121381376.000000,11654710272.000000,14294818816.000000,21736685568.000000,13689061376.000000,
25968152576.000000,12801806336.000000,13256248320.000000,12624745472.000000,18520137728.000000,13045911552.000000,
16049408000.000000,7169348608.000000,11689837568.000000,8022141952.000000,11606321152.000000,8780065792.000000,

2,2
38294339584.000000,26787758080.000000,
50415431680.000000,37077975040.000000,

3,3
36124643328.000000,43389587456.000000,46799093760.000000,
32495597568.000000,45536477184.000000,46443876352.000000,
33741264896.000000,42630029312.000000,38133145600.000000,

13,13
987495552.000000,2061803904.000000,11702196224.000000,12486586368.000000,4045468672.000000,6206578176.000000,3933510144.000000,7028617728.000000,9628993536.000000,13153705984.000000,8018320896.000000,4096913152.000000,9397967872.000000,
1013996864.000000,2117136256.000000,12016245760.000000,12821687296.000000,4154036224.000000,6373143552.000000,4039073024.000000,7217243648.000000,9887405056.000000,13506709504.000000,8233507328.000000,4206861312.000000,9650180096.000000,
1027638528.000000,2145618816.000000,12177905664.000000,12994182144.000000,4209922048.000000,6458883584.000000,4093412352.000000,7314340352.000000,10020424704.000000,13688420352.000000,8344275968.000000,4263457792.000000,9780006912.000000,
293202816.000000,612181632.000000,3474564096.000000,3707461888.000000,1201162624.000000,1842829696.000000,1167920384.000000,2086905984.000000,2858998016.000000,3905539840.000000,2380764160.000000,1216437248.000000,2790402816.000000,
363623904.000000,759214720.000000,4309080576.000000,4597915648.000000,1489656320.000000,2285438208.000000,1448430080.000000,2588136448.000000,3545668608.000000,4843567616.000000,2952573440.000000,1508599680.000000,3460598528.000000,
1009052224.000000,2106812160.000000,11957650432.000000,12759163904.000000,4133779456.000000,6342065152.000000,4019376896.000000,7182049792.000000,9839190016.000000,13440845824.000000,8193357824.000000,4186347008.000000,9603121152.000000,
27104418.000000,56591640.000000,321197600.000000,342727264.000000,111038544.000000,170355888.000000,107965544.000000,192918928.000000,264293088.000000,361038112.000000,220083936.000000,112450568.000000,257951984.000000,
992756544.000000,2072788352.000000,11764540416.000000,12553110528.000000,4067021312.000000,6239644672.000000,3954466304.000000,7066063360.000000,9680292864.000000,13223783424.000000,8061039616.000000,4118739712.000000,9448036352.000000,
361157184.000000,754064448.000000,4279849216.000000,4566724608.000000,1479550976.000000,2269934592.000000,1438604288.000000,2570579456.000000,3521615872.000000,4810710528.000000,2932544000.000000,1498365824.000000,3437122816.000000,
725414400.000000,1514601472.000000,8596434944.000000,9172648960.000000,2971801856.000000,4559353344.000000,2889557248.000000,5163224064.000000,7073460224.000000,9662714880.000000,5890259968.000000,3009593088.000000,6903748608.000000,
76718824.000000,160182160.000000,909147072.000000,970086656.000000,314293664.000000,482190912.000000,305595584.000000,546055424.000000,748079360.000000,1021915328.000000,622945728.000000,318290400.000000,730130944.000000,
154604080.000000,322799712.000000,1832116864.000000,1954922368.000000,633365824.000000,971713024.000000,615837376.000000,1100413056.000000,1507532544.000000,2059367808.000000,1255362688.000000,641420096.000000,1471362688.000000,
358108768.000000,747699584.000000,4243724288.000000,4528178176.000000,1467062528.000000,2250774784.000000,1426461440.000000,2548881920.000000,3491890944.000000,4770104832.000000,2907791360.000000,1485718528.000000,3408111104.000000,

10,10
7124765184.000000,2681828352.000000,6940293120.000000,2994399488.000000,4853595648.000000,3388050432.000000,6288028160.000000,983586240.000000,4429398016.000000,4648625152.000000,
13833922560.000000,6738250240.000000,14245056512.000000,5845980160.000000,9775356928.000000,8728313856.000000,10196659200.000000,1907924992.000000,6635214848.000000,8753646592.000000,
12509319168.000000,5801163264.000000,13117931520.000000,4937643008.000000,9232058368.000000,7934674432.000000,9151533056.000000,1913600512.000000,6282704384.000000,7939082240.000000,
21735983104.000000,10796360704.000000,22241400832.000000,10320517120.000000,14649381888.000000,10978657280.000000,19648886784.000000,3526409728.000000,11147096064.000000,14326580224.000000,
22807709696.000000,11929188352.000000,24260894720.000000,10610152448.000000,16089755648.000000,12124491776.000000,20375619584.000000,4234096128.000000,11107185664.000000,15089921024.000000,
30675408896.000000,14044371968.000000,30134870016.000000,13494428672.000000,20444747776.000000,17948774400.000000,23606749184.000000,3495650560.000000,15752585216.000000,19420545024.000000,
37025595392.000000,20190038016.000000,36067618816.000000,19120267264.000000,22575542272.000000,20811517952.000000,30634854400.000000,4007960576.000000,16381426688.000000,23681955840.000000,
15890586624.000000,9370918912.000000,16831979520.000000,8699423744.000000,10350616576.000000,6981664768.000000,16472500224.000000,3184337408.000000,7285438464.000000,10853926912.000000,
24953991168.000000,17221515264.000000,26383499264.000000,13882335232.000000,15769357312.000000,15943757824.000000,20156905472.000000,3644592640.000000,7516760064.000000,16046654464.000000,
28374079488.000000,18902431744.000000,29686210560.000000,15902582784.000000,17728712704.000000,16736768000.000000,24401002496.000000,4270406144.000000,9572534272.000000,18466572288.000000,

1,1
37736407040.000000,

5,5
20297244672.000000,20974981120.000000,8757805056.000000,5513390080.000000,23378421760.000000,
12136414208.000000,18361264128.000000,10595614720.000000,4421581312.000000,19047991296.000000,
11270206464.000000,11475017728.000000,6603191296.000000,6406941184.000000,13203470336.000000,
22651572224.000000,20563374080.000000,8714647552.000000,9362846720.000000,24989886464.000000,
17239805952.000000,22071627776.000000,11575931904.000000,6363872256.000000,24119975936.000000,

